1 0 4 5 6 7 
2 0 2 3 8 9 
3 0 1 2 9 10 
4 0 0 3 8 11 
5 0 0 1 10 11 
6 0 1 4 7 10 
7 0 0 5 6 11 
8 0 3 4 7 8 
9 0 2 5 6 9 
10 0 4 5 6 7 
11 0 0 9 2 11 
12 0 0 1 10 11 
13 0 1 8 3 10 
14 0 1 2 9 10 
15 0 0 3 8 11 
16 0 2 3 8 9 
17 0 2 11 4 5 
18 0 5 9 7 11 
19 0 3 4 7 8 
20 0 1 8 6 7 
21 0 3 4 5 10 
22 0 1 4 3 6 
23 0 0 8 12 12
24 0 1 4 6 11 
25 0 0 5 7 10 
26 0 4 5 10 11 
27 0 0 1 6 7 
28 0 0 3 9 10 
29 0 1 2 8 11 
30 0 0 1 8 9 
31 0 2 3 10 11 
32 0 0 4 6 10 
33 0 1 5 7 11 
34 0 3 5 7 9 
35 0 2 4 6 8 
36 0 2 5 7 8 
37 0 3 4 6 9 
38 0 0 2 8 10 
39 0 1 3 9 11 
40 0 2 3 8 9 
41 0 3 11 12 12
42 0 0 9 6 7 
43 0 0 4 2 6 
44 0 3 10 4 5 
45 0 3 4 5 10 
46 0 0 5 6 11 
47 0 0 9 3 10 
48 0 1 8 2 11 
